   0,       17  000
   1,       16  000
   2,       10  000
   3,       13  000
   4,       19  000
   5,       10  000
   6,       17  000
   7,       19  000
   8,       10  000
   9,       14  000
  10,       20  000
  11,       16  000
  12,       15  000
  13,       12  000
  14,       16  000
  15,       17  000
  16,       11  000
  17,       15  000
  18,        7  000
  19,       17  000
  20,       11  000
  21,       17  000
  22,       15  000
  23,       14  000
  24,       19  000
  25,       16  000
  26,       14  000
  27,        9  000
  28,       11  000
  29,       18  000
  30,       10  000
  31,       15  000
  32,        8  000
  33,       10  000
  34,       15  000
  35,       10  000
  36,       12  000
  37,        5  000
  38,        7  000
  39,        8  000
  40,        5  000
  41,        3  000
  42,        6  000
  43,        7  000
  44,        5  000
  45,       16  000
  46,        9  000
  47,        6  000
  48,       12  000
  49,        8  000
  50,       10  000
  51,        6  000
  52,        8  000
  53,       10  000
  54,        5  000
  55,        6  000
  56,        5  000
  57,       11  000
  58,        7  000
  59,       13  000
  60,        8  000
  61,        7  000
  62,        8  000
  63,        5  000
  64,        5  000
  65,        5  000
  66,        8  000
  67,        4  000
  68,        7  000
  69,        3  000
  70,        9  000
  71,        4  000
  72,        4  000
  73,        3  000
  74,        8  000
  75,        6  000
  76,        3  000
  77,        3  000
  78,        1  000
  79,        6  000
  80,        5  000
  81,        5  000
  82,        3  000
  83,        5  000
  84,        3  000
  85,        5  000
  86,        2  000
  87,        5  000
  88,        6  000
  89,        3  000
  90,        4  000
  91,        6  000
  92,        3  000
  93,        8  000
  94,        6  000
  95,       10  000
  96,        5  000
  97,        1  000
  98,       10  000
  99,        7  000
 100,        6  000
 101,       12  000
 102,        4  001
 103,       17  001
 104,       11  001
 105,       12  001
 106,       12  001
 107,       20  001
 108,       23  001
 109,       23  001
 110,       25  001
 111,       25  001
 112,       23  001
 113,       41  001
 114,       49  001
 115,       55  001
 116,       47  001
 117,       55  001
 118,       88  001
 119,       83  001
 120,       90  001
 121,      127  001
 122,      159  001
 123,      157  001
 124,      200  001
 125,      215  001
 126,      256  001
 127,      308  001
 128,      360  001
 129,      393  001
 130,      462  001
 131,      544  001
 132,      626  001
 133,      705  001
 134,      767  001
 135,      852  001
 136,     1008  001
 137,     1126  001
 138,     1206  001
 139,     1307  001
 140,     1434  001
 141,     1645  001
 142,     1676  001
 143,     1874  001
 144,     1897  001
 145,     2123  001
 146,     2116  001
 147,     2457  001
 148,     2446  001
 149,     2677  001
 150,     2764  001
 151,     2914  001
 152,     3025  001
 153,     3109  001
 154,     3306  001
 155,     3264  001
 156,     3464  001
 157,     3662  001
 158,     3676  001
 159,     3863  001
 160,     3866  001
 161,     4019  001
 162,     4165  001
 163,     4253  001
 164,     4307  001
 165,     4524  001
 166,     4629  001
 167,     4837  001
 168,     4801  001
 169,     4953  001
 170,     5134  001
 171,     5131  001
 172,     5203  001
 173,     5417  001
 174,     5518  001
 175,     5568  001
 176,     5635  001
 177,     5965  001
 178,     5854  001
 179,     5815  001
 180,     6019  001
 181,     6018  001
 182,     6185  001
 183,     6243  001
 184,     6139  001
 185,     6312  001
 186,     6119  001
 187,     6158  001
 188,     6135  001
 189,     6203  001
 190,     6100  001
 191,     6201  001
 192,     6038  001
 193,     6112  001
 194,     5896  001
 195,     5874  001
 196,     5843  001
 197,     5758  001
 198,     5751  001
 199,     5730  001
 200,     5485  001
 201,     5465  001
 202,     5449  001
 203,     5322  001
 204,     5310  001
 205,     5152  001
 206,     4995  001
 207,     4848  001
 208,     4635  001
 209,     4658  001
 210,     4479  001
 211,     4335  001
 212,     4059  001
 213,     4085  001
 214,     4034  001
 215,     3846  001
 216,     3625  001
 217,     3516  001
 218,     3445  001
 219,     3228  001
 220,     3147  001
 221,     2969  001
 222,     2894  001
 223,     2819  001
 224,     2607  001
 225,     2495  001
 226,     2299  001
 227,     2239  001
 228,     2153  001
 229,     2032  001
 230,     2018  001
 231,     1806  001
 232,     1758  001
 233,     1624  001
 234,     1603  001
 235,     1498  001
 236,     1415  001
 237,     1419  001
 238,     1296  001
 239,     1258  001
 240,     1262  001
 241,     1166  001
 242,     1103  001
 243,     1074  001
 244,     1067  001
 245,     1027  001
 246,      955  001
 247,      945  001
 248,      833  001
 249,      846  001
 250,      766  001
 251,      812  001
 252,      740  001
 253,      713  001
 254,      726  001
 255,      612  001
 256,      632  001
 257,      626  001
 258,      597  001
 259,      554  001
 260,      531  001
 261,      541  001
 262,      523  001
 263,      498  001
 264,      490  001
 265,      498  001
 266,      457  001
 267,      461  001
 268,      458  001
 269,      433  001
 270,      400  001
 271,      401  001
 272,      408  001
 273,      380  001
 274,      412  001
 275,      338  001
 276,      328  001
 277,      357  001
 278,      329  001
 279,      347  001
 280,      323  001
 281,      332  001
 282,      347  001
 283,      300  001
 284,      309  001
 285,      303  001
 286,      252  001
 287,      294  001
 288,      266  001
 289,      251  001
 290,      275  001
 291,      264  001
 292,      261  001
 293,      249  001
 294,      254  001
 295,      272  000
 296,      257  000
 297,      261  000
 298,      243  000
 299,      239  000
 300,      235  000
 301,      249  000
 302,      239  000
 303,      238  000
 304,      217  000
 305,      241  000
 306,      226  000
 307,      245  000
 308,      216  000
 309,      217  000
 310,      211  000
 311,      261  000
 312,      263  000
 313,      222  000
 314,      227  000
 315,      240  000
 316,      226  000
 317,      215  000
 318,      232  000
 319,      221  000
 320,      244  000
 321,      205  000
 322,      219  000
 323,      237  000
 324,      219  000
 325,      224  000
 326,      225  000
 327,      234  000
 328,      213  000
 329,      239  000
 330,      209  000
 331,      224  000
 332,      251  000
 333,      231  000
 334,      248  000
 335,      218  000
 336,      240  000
 337,      237  000
 338,      262  000
 339,      259  000
 340,      258  000
 341,      240  000
 342,      232  000
 343,      277  000
 344,      246  000
 345,      256  000
 346,      253  000
 347,      265  000
 348,      256  000
 349,      272  000
 350,      249  000
 351,      296  000
 352,      258  000
 353,      241  000
 354,      289  000
 355,      280  000
 356,      261  000
 357,      276  000
 358,      277  002
 359,      287  002
 360,      295  002
 361,      320  002
 362,      270  002
 363,      279  002
 364,      295  002
 365,      319  002
 366,      289  002
 367,      277  002
 368,      289  002
 369,      287  002
 370,      321  002
 371,      321  002
 372,      328  002
 373,      328  002
 374,      284  002
 375,      309  002
 376,      352  002
 377,      356  002
 378,      328  002
 379,      336  002
 380,      357  002
 381,      327  002
 382,      361  002
 383,      368  002
 384,      352  002
 385,      292  002
 386,      353  002
 387,      313  002
 388,      332  002
 389,      368  002
 390,      330  002
 391,      350  002
 392,      356  002
 393,      332  002
 394,      346  002
 395,      376  002
 396,      342  002
 397,      387  002
 398,      355  002
 399,      389  002
 400,      357  002
 401,      387  002
 402,      382  002
 403,      354  002
 404,      378  002
 405,      374  002
 406,      414  002
 407,      356  002
 408,      388  002
 409,      387  002
 410,      395  002
 411,      379  002
 412,      381  002
 413,      378  002
 414,      416  002
 415,      357  002
 416,      398  002
 417,      414  002
 418,      410  002
 419,      375  002
 420,      389  002
 421,      399  002
 422,      426  002
 423,      404  002
 424,      407  002
 425,      437  002
 426,      412  002
 427,      394  002
 428,      375  002
 429,      441  002
 430,      429  002
 431,      415  002
 432,      367  002
 433,      431  002
 434,      403  002
 435,      437  002
 436,      420  002
 437,      397  002
 438,      395  002
 439,      454  002
 440,      416  002
 441,      403  002
 442,      382  002
 443,      426  002
 444,      402  002
 445,      432  002
 446,      412  002
 447,      413  002
 448,      417  002
 449,      426  002
 450,      443  002
 451,      404  002
 452,      435  002
 453,      417  002
 454,      414  002
 455,      400  002
 456,      379  002
 457,      395  002
 458,      412  002
 459,      368  002
 460,      412  002
 461,      399  002
 462,      423  002
 463,      420  002
 464,      385  002
 465,      392  002
 466,      386  002
 467,      393  002
 468,      368  002
 469,      384  002
 470,      397  002
 471,      373  002
 472,      409  002
 473,      368  002
 474,      397  002
 475,      344  002
 476,      358  002
 477,      358  002
 478,      373  002
 479,      323  002
 480,      367  002
 481,      348  002
 482,      326  002
 483,      369  002
 484,      343  002
 485,      375  002
 486,      376  002
 487,      331  002
 488,      339  002
 489,      339  002
 490,      316  002
 491,      338  002
 492,      348  002
 493,      354  002
 494,      332  002
 495,      326  002
 496,      340  002
 497,      296  002
 498,      317  002
 499,      276  002
 500,      310  002
 501,      307  002
 502,      302  002
 503,      298  002
 504,      284  002
 505,      299  002
 506,      319  002
 507,      283  002
 508,      264  002
 509,      314  002
 510,      285  002
 511,      261  002
 512,      263  002
 513,      276  002
 514,      289  002
 515,      299  002
 516,      284  002
 517,      263  002
 518,      246  002
 519,      271  000
 520,      254  000
 521,      242  000
 522,      265  000
 523,      218  000
 524,      226  000
 525,      247  000
 526,      255  000
 527,      238  000
 528,      231  000
 529,      215  000
 530,      247  000
 531,      231  000
 532,      227  000
 533,      221  000
 534,      243  000
 535,      203  000
 536,      225  000
 537,      219  000
 538,      208  000
 539,      228  000
 540,      233  000
 541,      218  000
 542,      207  000
 543,      206  000
 544,      196  000
 545,      223  000
 546,      202  000
 547,      198  000
 548,      193  000
 549,      213  000
 550,      191  000
 551,      195  000
 552,      189  000
 553,      180  000
 554,      188  000
 555,      194  000
 556,      210  000
 557,      173  000
 558,      172  000
 559,      175  000
 560,      182  000
 561,      173  000
 562,      168  000
 563,      188  000
 564,      176  000
 565,      180  000
 566,      156  000
 567,      179  000
 568,      152  000
 569,      154  000
 570,      152  000
 571,      170  000
 572,      144  000
 573,      168  000
 574,      159  000
 575,      166  000
 576,      154  000
 577,      147  000
 578,      136  000
 579,      151  000
 580,      147  000
 581,      149  000
 582,      151, 003
 583,      127  000
 584,      153  000
 585,      150  000
 586,      141  000
 587,      139  000
 588,      127  000
 589,      149  000
 590,      138  000
 591,      164  000
 592,      156  000
 593,      137  000
 594,      124  000
 595,      142  000
 596,      127  000
 597,      144  000
 598,      118  000
 599,      132  000
 600,      115  000
 601,      137  000
 602,      158  000
 603,      124  000
 604,      112  000
 605,      127  000
 606,      121  000
 607,      122  000
 608,       92  000
 609,      120  000
 610,      133  000
 611,      125  000
 612,      127  000
 613,      115  000
 614,      108  000
 615,      110  000
 616,      125  000
 617,       97  000
 618,      127  000
 619,      125  000
 620,      107  000
 621,      118  000
 622,      120  000
 623,      125  000
 624,      131  000
 625,      119  000
 626,      104  000
 627,      126  000
 628,      128  000
 629,      111  000
 630,      113  000
 631,      102  000
 632,      108  000
 633,       99  000
 634,      107  000
 635,      109  000
 636,       96  000
 637,      106  000
 638,      107  000
 639,       93  000
 640,      108  000
 641,      106  000
 642,      105  000
 643,       97  000
 644,       98  000
 645,      117  000
 646,       84  000
 647,       95  000
 648,       98  000
 649,       97  000
 650,       99  000
 651,       96  000
 652,      111  000
 653,      100  000
 654,      114  000
 655,       89  000
 656,       97  000
 657,       94  000
 658,       87  000
 659,       96  000
 660,       92  000
 661,       88  000
 662,       93  000
 663,      107  000
 664,       98  000
 665,       94  000
 666,       99  000
 667,       90  000
 668,      104  000
 669,      107  000
 670,       87  000
 671,      101  000
 672,       90  000
 673,      105  000
 674,       86  000
 675,       84  000
 676,       87  000
 677,       97  000
 678,      101  000
 679,       95  000
 680,       95  000
 681,       96  000
 682,       98  000
 683,       84  000
 684,       91  000
 685,      105  000
 686,       81  000
 687,       88  000
 688,       87  000
 689,       87  000
 690,       87  000
 691,       75  000
 692,       90  000
 693,       81  000
 694,       94  000
 695,      103  000
 696,       93  000
 697,       71  000
 698,       82  000
 699,       81  000
 700,      106  000
 701,       93  000
 702,       79  000
 703,       80  000
 704,      100  000
 705,       94  000
 706,       76  000
 707,       88  000
 708,       98  000
 709,       80  000
 710,       85  000
 711,       75  000
 712,       82  000
 713,       84  000
 714,       93  000
 715,       92  000
 716,       98  000
 717,       89  000
 718,       81  000
 719,       85  000
 720,       82  000
 721,       89  000
 722,       89  000
 723,       85  000
 724,       92  000
 725,       75  000
 726,       95  000
 727,       86  000
 728,       63  000
 729,       81  000
 730,       85  000
 731,       84  000
 732,       96  000
 733,       80  000
 734,       73  000
 735,       70  000
 736,       80  000
 737,       79  000
 738,       73  000
 739,       64  000
 740,       91  000
 741,       81  000
 742,       97  000
 743,       76  000
 744,       78  000
 745,       92  000
 746,       91  000
 747,       88  000
 748,       86  000
 749,       85  000
 750,       91  000
 751,       80  000
 752,       62  000
 753,       77  000
 754,       83  000
 755,       84  000
 756,       74  000
 757,       79  000
 758,       79  000
 759,       81  000
 760,       72  000
 761,       74  000
 762,       81  000
 763,       78  000
 764,       63  000
 765,       74  000
 766,       79  000
 767,       78  000
 768,       77  000
 769,       71  000
 770,       84  000
 771,       83  000
 772,       71  000
 773,       81  000
 774,       95  000
 775,       81  000
 776,       84  000
 777,       63  000
 778,       85  000
 779,       83  000
 780,       67  000
 781,       60  000
 782,       86  000
 783,       70  000
 784,       94  000
 785,       92  000
 786,       76  000
 787,       78  000
 788,       70  000
 789,       75  000
 790,       78  000
 791,       87  000
 792,       76  000
 793,       77  000
 794,       81  000
 795,       92  000
 796,       64  000
 797,      101  000
 798,       77  000
 799,       62  000
 800,       69  000
 801,       85  000
 802,       70  000
 803,       89  000
 804,       79  000
 805,       82  000
 806,       80  000
 807,       79  000
 808,       75  000
 809,       85  000
 810,       80  000
 811,       74  000
 812,       71  000
 813,       65  000
 814,       77  000
 815,       67  000
 816,       71  000
 817,       82  000
 818,       68  000
 819,       67  000
 820,       79  000
 821,       84  000
 822,       73  000
 823,       91  000
 824,       93  000
 825,       87  000
 826,       82  000
 827,       69  000
 828,       63  000
 829,       79  000
 830,       82  000
 831,       88  000
 832,       69  000
 833,       70  000
 834,       68  000
 835,       70  000
 836,       68  000
 837,       64  000
 838,       81  000
 839,       95  000
 840,       82  000
 841,       68  000
 842,       70  000
 843,       81  000
 844,       91  000
 845,       85  000
 846,       93  000
 847,       59  000
 848,       74  000
 849,       73  000
 850,       78  000
 851,       72  000
 852,       85  000
 853,       86  000
 854,       70  000
 855,      104  000
 856,       76  000
 857,       69  000
 858,       92  000
 859,       91  000
 860,       72  000
 861,       68  000
 862,       84  000
 863,       85  000
 864,       80  000
 865,       80  000
 866,       75  000
 867,       69  000
 868,       57  000
 869,       69  000
 870,       83  000
 871,       90  000
 872,       83  000
 873,       92  000
 874,       74  000
 875,       95  000
 876,       76  000
 877,       74  000
 878,       68  000
 879,       62  000
 880,       73  000
 881,       90  000
 882,       74  000
 883,       77  000
 884,       75  000
 885,       87  000
 886,       70  000
 887,       81  000
 888,       78  000
 889,       73  000
 890,       84  000
 891,       76  000
 892,       76  000
 893,       69  000
 894,       96  000
 895,       98  000
 896,       81  000
 897,       70  000
 898,       98  000
 899,       88  000
 900,       76  000
 901,       99  000
 902,       90  000
 903,       92  000
 904,       91  000
 905,       87  000
 906,       73  000
 907,       90  000
 908,       84  000
 909,       96  000
 910,      102  000
 911,       72  000
 912,       84  000
 913,       99  000
 914,       90  000
 915,       81  000
 916,       79  000
 917,       89  000
 918,      101  000
 919,       90  000
 920,       87  000
 921,       98  000
 922,       70  000
 923,       99  000
 924,       98  000
 925,      107  000
 926,       92  000
 927,       93  000
 928,       99  000
 929,       94  000
 930,       85  000
 931,       89  000
 932,      109  000
 933,      101  000
 934,       89  000
 935,      104  000
 936,      102  000
 937,      109  000
 938,       81  000
 939,       85  000
 940,      101  000
 941,      109  000
 942,       93  000
 943,      103  000
 944,       88  000
 945,       93  000
 946,       91  000
 947,       83  000
 948,      110  000
 949,       89  000
 950,      101  000
 951,      109  000
 952,      110  000
 953,      118  000
 954,       86  000
 955,      118  000
 956,       78  000
 957,      114  000
 958,      100  000
 959,       99  000
 960,      100  000
 961,       91  000
 962,      108  000
 963,       90  000
 964,       90  000
 965,      109  000
 966,       91  000
 967,      100  000
 968,      114  000
 969,      113  000
 970,      131  000
 971,      104  000
 972,       96  000
 973,      100  000
 974,      115  000
 975,      103  000
 976,       99  000
 977,      132  000
 978,      110  000
 979,       90  000
 980,       99  000
 981,       91  000
 982,      118  000
 983,      119  000
 984,      117  000
 985,      112  000
 986,      103  000
 987,      102  000
 988,      100  000
 989,       95  000
 990,      100  000
 991,      124  000
 992,      100  000
 993,      103  000
 994,      128  000
 995,      114  000
 996,      108  000
 997,      121  000
 998,      104  000
 999,      128  000
1000,       98  000
1001,       91  000
1002,      120  000
1003,      117  000
1004,      116  000
1005,      114  000
1006,      133  000
1007,      117  000
1008,      108  000
1009,      114  000
1010,      122  000
1011,      106  000
1012,      118  000
1013,      124  000
1014,      106  000
1015,      104  000
1016,      131  000
1017,      107  000
1018,      105  000
1019,      137  000
1020,      104  000
1021,      124  000
1022,      111  000
1023,      125  000

